{
 "cells": [
  {
   "cell_type": "markdown",
   "metadata": {},
   "source": [
    "## Data Science Question : Which is the best variable to predict the increase in positive cases in the United States?"
   ]
  },
  {
   "cell_type": "markdown",
   "metadata": {},
   "source": [
    "## Importing Relevant Modules"
   ]
  },
  {
   "cell_type": "code",
   "execution_count": 71,
   "metadata": {},
   "outputs": [],
   "source": [
    "import pandas as pd\n",
    "import numpy as np\n",
    "import seaborn as sns\n",
    "import matplotlib.pyplot as plt\n",
    "# set dimesnions of the pondas dataframe here\n",
    "pd.set_option('display.max_rows', 20)\n",
    "pd.set_option('display.max_columns',8)\n",
    "pd.set_option('display.width',1000)"
   ]
  },
  {
   "cell_type": "code",
   "execution_count": 72,
   "metadata": {},
   "outputs": [],
   "source": [
    "covid_data = pd.read_csv(\"all-states-history.csv\") #reading csv file into pandas dataframe    "
   ]
  },
  {
   "cell_type": "markdown",
   "metadata": {},
   "source": [
    "## Cleaning & restructuring of data"
   ]
  },
  {
   "cell_type": "code",
   "execution_count": 73,
   "metadata": {},
   "outputs": [],
   "source": [
    "data = covid_data.loc[4648:17415] # selecting time period to perform data analysis"
   ]
  },
  {
   "cell_type": "code",
   "execution_count": 75,
   "metadata": {},
   "outputs": [
    {
     "data": {
      "text/html": [
       "<div>\n",
       "<style scoped>\n",
       "    .dataframe tbody tr th:only-of-type {\n",
       "        vertical-align: middle;\n",
       "    }\n",
       "\n",
       "    .dataframe tbody tr th {\n",
       "        vertical-align: top;\n",
       "    }\n",
       "\n",
       "    .dataframe thead th {\n",
       "        text-align: right;\n",
       "    }\n",
       "</style>\n",
       "<table border=\"1\" class=\"dataframe\">\n",
       "  <thead>\n",
       "    <tr style=\"text-align: right;\">\n",
       "      <th></th>\n",
       "      <th>date</th>\n",
       "      <th>state</th>\n",
       "      <th>death</th>\n",
       "      <th>deathConfirmed</th>\n",
       "      <th>...</th>\n",
       "      <th>totalTestsPeopleViral</th>\n",
       "      <th>totalTestsPeopleViralIncrease</th>\n",
       "      <th>totalTestsViral</th>\n",
       "      <th>totalTestsViralIncrease</th>\n",
       "    </tr>\n",
       "  </thead>\n",
       "  <tbody>\n",
       "    <tr>\n",
       "      <th>4648</th>\n",
       "      <td>14/12/2020</td>\n",
       "      <td>AK</td>\n",
       "      <td>176.0</td>\n",
       "      <td>176.0</td>\n",
       "      <td>...</td>\n",
       "      <td>NaN</td>\n",
       "      <td>0</td>\n",
       "      <td>1147560.0</td>\n",
       "      <td>4462</td>\n",
       "    </tr>\n",
       "    <tr>\n",
       "      <th>4649</th>\n",
       "      <td>14/12/2020</td>\n",
       "      <td>AL</td>\n",
       "      <td>4102.0</td>\n",
       "      <td>3624.0</td>\n",
       "      <td>...</td>\n",
       "      <td>1723669.0</td>\n",
       "      <td>27230</td>\n",
       "      <td>NaN</td>\n",
       "      <td>0</td>\n",
       "    </tr>\n",
       "    <tr>\n",
       "      <th>4650</th>\n",
       "      <td>14/12/2020</td>\n",
       "      <td>AR</td>\n",
       "      <td>2990.0</td>\n",
       "      <td>2656.0</td>\n",
       "      <td>...</td>\n",
       "      <td>NaN</td>\n",
       "      <td>0</td>\n",
       "      <td>1866199.0</td>\n",
       "      <td>10495</td>\n",
       "    </tr>\n",
       "    <tr>\n",
       "      <th>4651</th>\n",
       "      <td>14/12/2020</td>\n",
       "      <td>AS</td>\n",
       "      <td>0.0</td>\n",
       "      <td>NaN</td>\n",
       "      <td>...</td>\n",
       "      <td>NaN</td>\n",
       "      <td>0</td>\n",
       "      <td>2140.0</td>\n",
       "      <td>0</td>\n",
       "    </tr>\n",
       "    <tr>\n",
       "      <th>4652</th>\n",
       "      <td>14/12/2020</td>\n",
       "      <td>AZ</td>\n",
       "      <td>7358.0</td>\n",
       "      <td>6782.0</td>\n",
       "      <td>...</td>\n",
       "      <td>2531222.0</td>\n",
       "      <td>18526</td>\n",
       "      <td>4344693.0</td>\n",
       "      <td>38805</td>\n",
       "    </tr>\n",
       "    <tr>\n",
       "      <th>...</th>\n",
       "      <td>...</td>\n",
       "      <td>...</td>\n",
       "      <td>...</td>\n",
       "      <td>...</td>\n",
       "      <td>...</td>\n",
       "      <td>...</td>\n",
       "      <td>...</td>\n",
       "      <td>...</td>\n",
       "      <td>...</td>\n",
       "    </tr>\n",
       "    <tr>\n",
       "      <th>17411</th>\n",
       "      <td>1/5/2020</td>\n",
       "      <td>VT</td>\n",
       "      <td>50.0</td>\n",
       "      <td>NaN</td>\n",
       "      <td>...</td>\n",
       "      <td>13972.0</td>\n",
       "      <td>537</td>\n",
       "      <td>17899.0</td>\n",
       "      <td>1048</td>\n",
       "    </tr>\n",
       "    <tr>\n",
       "      <th>17412</th>\n",
       "      <td>1/5/2020</td>\n",
       "      <td>WA</td>\n",
       "      <td>814.0</td>\n",
       "      <td>NaN</td>\n",
       "      <td>...</td>\n",
       "      <td>209827.0</td>\n",
       "      <td>4792</td>\n",
       "      <td>NaN</td>\n",
       "      <td>0</td>\n",
       "    </tr>\n",
       "    <tr>\n",
       "      <th>17413</th>\n",
       "      <td>1/5/2020</td>\n",
       "      <td>WI</td>\n",
       "      <td>327.0</td>\n",
       "      <td>NaN</td>\n",
       "      <td>...</td>\n",
       "      <td>NaN</td>\n",
       "      <td>0</td>\n",
       "      <td>NaN</td>\n",
       "      <td>0</td>\n",
       "    </tr>\n",
       "    <tr>\n",
       "      <th>17414</th>\n",
       "      <td>1/5/2020</td>\n",
       "      <td>WV</td>\n",
       "      <td>46.0</td>\n",
       "      <td>NaN</td>\n",
       "      <td>...</td>\n",
       "      <td>NaN</td>\n",
       "      <td>0</td>\n",
       "      <td>45723.0</td>\n",
       "      <td>2066</td>\n",
       "    </tr>\n",
       "    <tr>\n",
       "      <th>17415</th>\n",
       "      <td>1/5/2020</td>\n",
       "      <td>WY</td>\n",
       "      <td>7.0</td>\n",
       "      <td>NaN</td>\n",
       "      <td>...</td>\n",
       "      <td>NaN</td>\n",
       "      <td>0</td>\n",
       "      <td>12279.0</td>\n",
       "      <td>619</td>\n",
       "    </tr>\n",
       "  </tbody>\n",
       "</table>\n",
       "<p>12768 rows × 41 columns</p>\n",
       "</div>"
      ],
      "text/plain": [
       "             date state   death  deathConfirmed  ...  totalTestsPeopleViral  totalTestsPeopleViralIncrease  totalTestsViral  totalTestsViralIncrease\n",
       "4648   14/12/2020    AK   176.0           176.0  ...                    NaN                              0        1147560.0                     4462\n",
       "4649   14/12/2020    AL  4102.0          3624.0  ...              1723669.0                          27230              NaN                        0\n",
       "4650   14/12/2020    AR  2990.0          2656.0  ...                    NaN                              0        1866199.0                    10495\n",
       "4651   14/12/2020    AS     0.0             NaN  ...                    NaN                              0           2140.0                        0\n",
       "4652   14/12/2020    AZ  7358.0          6782.0  ...              2531222.0                          18526        4344693.0                    38805\n",
       "...           ...   ...     ...             ...  ...                    ...                            ...              ...                      ...\n",
       "17411    1/5/2020    VT    50.0             NaN  ...                13972.0                            537          17899.0                     1048\n",
       "17412    1/5/2020    WA   814.0             NaN  ...               209827.0                           4792              NaN                        0\n",
       "17413    1/5/2020    WI   327.0             NaN  ...                    NaN                              0              NaN                        0\n",
       "17414    1/5/2020    WV    46.0             NaN  ...                    NaN                              0          45723.0                     2066\n",
       "17415    1/5/2020    WY     7.0             NaN  ...                    NaN                              0          12279.0                      619\n",
       "\n",
       "[12768 rows x 41 columns]"
      ]
     },
     "execution_count": 75,
     "metadata": {},
     "output_type": "execute_result"
    }
   ],
   "source": [
    "data"
   ]
  },
  {
   "cell_type": "markdown",
   "metadata": {},
   "source": [
    "## Measuring the level of completeness for each variable\n",
    "One of our criterias for a good predictor is the level of completeness of data. The level of completeness is measured by the number of non-null values. For some of the variables in the raw data, there are alot of missing values termed as \"NaN\". As such, we came up with a table that displays each variable and its respective number of  non-null values. We then proceed to extract and choose those variables that fulfills a certain level of completeness. In this case, we extract variables that have at least 60% of their data present. (we managed to narrow down to 17 variables). "
   ]
  },
  {
   "cell_type": "code",
   "execution_count": 77,
   "metadata": {},
   "outputs": [
    {
     "data": {
      "text/html": [
       "<div>\n",
       "<style scoped>\n",
       "    .dataframe tbody tr th:only-of-type {\n",
       "        vertical-align: middle;\n",
       "    }\n",
       "\n",
       "    .dataframe tbody tr th {\n",
       "        vertical-align: top;\n",
       "    }\n",
       "\n",
       "    .dataframe thead th {\n",
       "        text-align: right;\n",
       "    }\n",
       "</style>\n",
       "<table border=\"1\" class=\"dataframe\">\n",
       "  <thead>\n",
       "    <tr style=\"text-align: right;\">\n",
       "      <th></th>\n",
       "      <th>Variables</th>\n",
       "      <th>Non-null values</th>\n",
       "    </tr>\n",
       "  </thead>\n",
       "  <tbody>\n",
       "    <tr>\n",
       "      <th>0</th>\n",
       "      <td>death</td>\n",
       "      <td>12768.0</td>\n",
       "    </tr>\n",
       "    <tr>\n",
       "      <th>7</th>\n",
       "      <td>hospitalizedIncrease</td>\n",
       "      <td>12768.0</td>\n",
       "    </tr>\n",
       "    <tr>\n",
       "      <th>34</th>\n",
       "      <td>totalTestsPeopleViralIncrease</td>\n",
       "      <td>12768.0</td>\n",
       "    </tr>\n",
       "    <tr>\n",
       "      <th>28</th>\n",
       "      <td>totalTestResultsIncrease</td>\n",
       "      <td>12768.0</td>\n",
       "    </tr>\n",
       "    <tr>\n",
       "      <th>27</th>\n",
       "      <td>totalTestResults</td>\n",
       "      <td>12768.0</td>\n",
       "    </tr>\n",
       "    <tr>\n",
       "      <th>26</th>\n",
       "      <td>totalTestEncountersViralIncrease</td>\n",
       "      <td>12768.0</td>\n",
       "    </tr>\n",
       "    <tr>\n",
       "      <th>11</th>\n",
       "      <td>negativeIncrease</td>\n",
       "      <td>12768.0</td>\n",
       "    </tr>\n",
       "    <tr>\n",
       "      <th>36</th>\n",
       "      <td>totalTestsViralIncrease</td>\n",
       "      <td>12768.0</td>\n",
       "    </tr>\n",
       "    <tr>\n",
       "      <th>2</th>\n",
       "      <td>deathIncrease</td>\n",
       "      <td>12768.0</td>\n",
       "    </tr>\n",
       "    <tr>\n",
       "      <th>6</th>\n",
       "      <td>hospitalizedCurrently</td>\n",
       "      <td>11736.0</td>\n",
       "    </tr>\n",
       "    <tr>\n",
       "      <th>35</th>\n",
       "      <td>totalTestsViral</td>\n",
       "      <td>9260.0</td>\n",
       "    </tr>\n",
       "    <tr>\n",
       "      <th>17</th>\n",
       "      <td>positiveCasesViral</td>\n",
       "      <td>9219.0</td>\n",
       "    </tr>\n",
       "    <tr>\n",
       "      <th>5</th>\n",
       "      <td>hospitalizedCumulative</td>\n",
       "      <td>8510.0</td>\n",
       "    </tr>\n",
       "    <tr>\n",
       "      <th>4</th>\n",
       "      <td>hospitalized</td>\n",
       "      <td>8510.0</td>\n",
       "    </tr>\n",
       "    <tr>\n",
       "      <th>24</th>\n",
       "      <td>recovered</td>\n",
       "      <td>8372.0</td>\n",
       "    </tr>\n",
       "    <tr>\n",
       "      <th>10</th>\n",
       "      <td>negative</td>\n",
       "      <td>8340.0</td>\n",
       "    </tr>\n",
       "  </tbody>\n",
       "</table>\n",
       "</div>"
      ],
      "text/plain": [
       "                           Variables  Non-null values\n",
       "0                              death          12768.0\n",
       "7               hospitalizedIncrease          12768.0\n",
       "34     totalTestsPeopleViralIncrease          12768.0\n",
       "28          totalTestResultsIncrease          12768.0\n",
       "27                  totalTestResults          12768.0\n",
       "26  totalTestEncountersViralIncrease          12768.0\n",
       "11                  negativeIncrease          12768.0\n",
       "36           totalTestsViralIncrease          12768.0\n",
       "2                      deathIncrease          12768.0\n",
       "6              hospitalizedCurrently          11736.0\n",
       "35                   totalTestsViral           9260.0\n",
       "17                positiveCasesViral           9219.0\n",
       "5             hospitalizedCumulative           8510.0\n",
       "4                       hospitalized           8510.0\n",
       "24                         recovered           8372.0\n",
       "10                          negative           8340.0"
      ]
     },
     "execution_count": 77,
     "metadata": {},
     "output_type": "execute_result"
    }
   ],
   "source": [
    "null_measurement = pd.DataFrame({\"Variables\": [], \"Non-null values\" : []})\n",
    "for i in data.columns:\n",
    "    if (i == \"date\" or  i == \"state\" or i == \"positive\" or i == \"positiveScore\"):\n",
    "        continue\n",
    "    length = len(data[data[i].isnull() == False])\n",
    "    x = pd.DataFrame({\"Variables\":[i], \"Non-null values\":[length]})\n",
    "    null_measurement = null_measurement.append(x)\n",
    "null_measurement = null_measurement.reset_index()\n",
    "null_measurement = null_measurement[[\"Variables\", \"Non-null values\"]]\n",
    "x = null_measurement.sort_values(by = \"Non-null values\", ascending = False)\n",
    "x = x[x[\"Non-null values\"] > 7660]\n",
    "list_of_variables = list(x[\"Variables\"])\n",
    "x.drop(18, axis = 0, inplace = True)\n",
    "x"
   ]
  },
  {
   "cell_type": "code",
   "execution_count": null,
   "metadata": {},
   "outputs": [],
   "source": [
    "null_measurement = pd.DataFrame({\"Variables\": [], \"Non-null values\" : []})\n",
    "for i in data.columns:\n",
    "    if (i == \"date\" or  i == \"state\" or i == \"positive\" or i == \"positiveScore\"):\n",
    "        continue\n",
    "    length = len(data[data[i].isnull() == False])\n",
    "    x = pd.DataFrame({\"Variables\":[i], \"Non-null values\":[length]})\n",
    "    null_measurement = null_measurement.append(x)\n",
    "null_measurement = null_measurement.reset_index()\n",
    "null_measurement = null_measurement[[\"Variables\", \"Non-null values\"]]\n",
    "x = null_measurement.sort_values(by = \"Non-null values\", ascending = False)\n",
    "x = x[x[\"Non-null values\"] > 7660]"
   ]
  },
  {
   "cell_type": "code",
   "execution_count": 26,
   "metadata": {},
   "outputs": [
    {
     "name": "stdout",
     "output_type": "stream",
     "text": [
      "['death', 'hospitalizedIncrease', 'totalTestsPeopleViralIncrease', 'totalTestResultsIncrease', 'totalTestResults', 'totalTestEncountersViralIncrease', 'negativeIncrease', 'totalTestsViralIncrease', 'deathIncrease', 'hospitalizedCurrently', 'totalTestsViral', 'positiveCasesViral', 'hospitalizedCumulative', 'hospitalized', 'recovered', 'negative']\n"
     ]
    }
   ],
   "source": [
    "# After measuring the level of completeness, we have narrowed down the data to 16 variables to choose from to predict the increase in positive cases\n",
    "list_of_var = list(x[\"Variables\"])\n",
    "print(list_of_var)"
   ]
  },
  {
   "cell_type": "markdown",
   "metadata": {},
   "source": [
    "## Cleaning null values in each variable\n",
    "Some of the chosen variables have some missing data/ Nan data. As shown earlier, a variable that is fully complete and have 0 null values should have 12768 values. However, some variables have certain null values since some states in the United States did not provide the relevant information for that variable. When performing anaysis to use the variable to predict the increase in positive cases, this might result in different number of data points between that variable and the increase in positive cases. Hence, we have to clean up the non null values in that variable. To do this, we construct a dataframe consisiting of that variable and the increase in positive cases (\"positiveIncrease\"), then we extract rows that contain only the non-null values of that variable. we do the same for all the other variables that we have chosen. This step is important when performing linear regression analysis in our later steps."
   ]
  },
  {
   "cell_type": "code",
   "execution_count": 81,
   "metadata": {},
   "outputs": [
    {
     "data": {
      "text/html": [
       "<div>\n",
       "<style scoped>\n",
       "    .dataframe tbody tr th:only-of-type {\n",
       "        vertical-align: middle;\n",
       "    }\n",
       "\n",
       "    .dataframe tbody tr th {\n",
       "        vertical-align: top;\n",
       "    }\n",
       "\n",
       "    .dataframe thead th {\n",
       "        text-align: right;\n",
       "    }\n",
       "</style>\n",
       "<table border=\"1\" class=\"dataframe\">\n",
       "  <thead>\n",
       "    <tr style=\"text-align: right;\">\n",
       "      <th></th>\n",
       "      <th>death</th>\n",
       "      <th>positiveIncrease</th>\n",
       "    </tr>\n",
       "  </thead>\n",
       "  <tbody>\n",
       "    <tr>\n",
       "      <th>4648</th>\n",
       "      <td>176.0</td>\n",
       "      <td>422</td>\n",
       "    </tr>\n",
       "    <tr>\n",
       "      <th>4649</th>\n",
       "      <td>4102.0</td>\n",
       "      <td>2264</td>\n",
       "    </tr>\n",
       "    <tr>\n",
       "      <th>4650</th>\n",
       "      <td>2990.0</td>\n",
       "      <td>1805</td>\n",
       "    </tr>\n",
       "    <tr>\n",
       "      <th>4651</th>\n",
       "      <td>0.0</td>\n",
       "      <td>0</td>\n",
       "    </tr>\n",
       "    <tr>\n",
       "      <th>4652</th>\n",
       "      <td>7358.0</td>\n",
       "      <td>11806</td>\n",
       "    </tr>\n",
       "    <tr>\n",
       "      <th>...</th>\n",
       "      <td>...</td>\n",
       "      <td>...</td>\n",
       "    </tr>\n",
       "    <tr>\n",
       "      <th>17411</th>\n",
       "      <td>50.0</td>\n",
       "      <td>13</td>\n",
       "    </tr>\n",
       "    <tr>\n",
       "      <th>17412</th>\n",
       "      <td>814.0</td>\n",
       "      <td>328</td>\n",
       "    </tr>\n",
       "    <tr>\n",
       "      <th>17413</th>\n",
       "      <td>327.0</td>\n",
       "      <td>498</td>\n",
       "    </tr>\n",
       "    <tr>\n",
       "      <th>17414</th>\n",
       "      <td>46.0</td>\n",
       "      <td>18</td>\n",
       "    </tr>\n",
       "    <tr>\n",
       "      <th>17415</th>\n",
       "      <td>7.0</td>\n",
       "      <td>7</td>\n",
       "    </tr>\n",
       "  </tbody>\n",
       "</table>\n",
       "<p>12768 rows × 2 columns</p>\n",
       "</div>"
      ],
      "text/plain": [
       "        death  positiveIncrease\n",
       "4648    176.0               422\n",
       "4649   4102.0              2264\n",
       "4650   2990.0              1805\n",
       "4651      0.0                 0\n",
       "4652   7358.0             11806\n",
       "...       ...               ...\n",
       "17411    50.0                13\n",
       "17412   814.0               328\n",
       "17413   327.0               498\n",
       "17414    46.0                18\n",
       "17415     7.0                 7\n",
       "\n",
       "[12768 rows x 2 columns]"
      ]
     },
     "execution_count": 81,
     "metadata": {},
     "output_type": "execute_result"
    }
   ],
   "source": [
    "# removing null values\n",
    "variables = {} #storing the dataframes into a dictionary. Each dataframe will have the predictor & response\n",
    "for i in list_of_var:\n",
    "    variables[i] = pd.DataFrame(data[[i, \"positiveIncrease\"]])\n",
    "    x = variables[i] #dataframe\n",
    "    variables[i] = x[x[i].isnull() == False]\n",
    "variables[\"death\"]"
   ]
  },
  {
   "cell_type": "code",
   "execution_count": 79,
   "metadata": {},
   "outputs": [],
   "source": [
    "variables = {} #storing the dataframes into a dictionary. Each dataframe will have the predictor & response \n",
    "for i in list_of_var:\n",
    "    variables[i] = pd.DataFrame(data[[i, \"positiveIncrease\"]])\n",
    "    x = variables[i] #dataframe\n",
    "    variables[i] = x[x[i].isnull() == False]\n"
   ]
  },
  {
   "cell_type": "markdown",
   "metadata": {},
   "source": [
    "## Exploratory Analysis"
   ]
  },
  {
   "cell_type": "code",
   "execution_count": 28,
   "metadata": {},
   "outputs": [
    {
     "data": {
      "text/html": [
       "<div>\n",
       "<style scoped>\n",
       "    .dataframe tbody tr th:only-of-type {\n",
       "        vertical-align: middle;\n",
       "    }\n",
       "\n",
       "    .dataframe tbody tr th {\n",
       "        vertical-align: top;\n",
       "    }\n",
       "\n",
       "    .dataframe thead th {\n",
       "        text-align: right;\n",
       "    }\n",
       "</style>\n",
       "<table border=\"1\" class=\"dataframe\">\n",
       "  <thead>\n",
       "    <tr style=\"text-align: right;\">\n",
       "      <th></th>\n",
       "      <th>death</th>\n",
       "      <th>hospitalizedIncrease</th>\n",
       "      <th>totalTestsPeopleViralIncrease</th>\n",
       "      <th>totalTestResultsIncrease</th>\n",
       "      <th>totalTestResults</th>\n",
       "      <th>totalTestEncountersViralIncrease</th>\n",
       "      <th>negativeIncrease</th>\n",
       "      <th>positiveIncrease</th>\n",
       "      <th>totalTestsViralIncrease</th>\n",
       "      <th>deathIncrease</th>\n",
       "      <th>hospitalizedCurrently</th>\n",
       "      <th>totalTestsViral</th>\n",
       "      <th>positiveCasesViral</th>\n",
       "      <th>hospitalizedCumulative</th>\n",
       "      <th>hospitalized</th>\n",
       "      <th>recovered</th>\n",
       "      <th>negative</th>\n",
       "    </tr>\n",
       "  </thead>\n",
       "  <tbody>\n",
       "    <tr>\n",
       "      <th>death</th>\n",
       "      <td>1.000000</td>\n",
       "      <td>0.075969</td>\n",
       "      <td>0.038148</td>\n",
       "      <td>0.738797</td>\n",
       "      <td>0.796012</td>\n",
       "      <td>0.548748</td>\n",
       "      <td>0.178700</td>\n",
       "      <td>0.477345</td>\n",
       "      <td>0.359870</td>\n",
       "      <td>0.448176</td>\n",
       "      <td>0.531977</td>\n",
       "      <td>0.812078</td>\n",
       "      <td>0.831155</td>\n",
       "      <td>0.940645</td>\n",
       "      <td>0.940645</td>\n",
       "      <td>0.809236</td>\n",
       "      <td>0.846537</td>\n",
       "    </tr>\n",
       "    <tr>\n",
       "      <th>hospitalizedIncrease</th>\n",
       "      <td>0.075969</td>\n",
       "      <td>1.000000</td>\n",
       "      <td>0.033591</td>\n",
       "      <td>0.058564</td>\n",
       "      <td>0.047286</td>\n",
       "      <td>0.062822</td>\n",
       "      <td>0.078693</td>\n",
       "      <td>0.104027</td>\n",
       "      <td>0.039360</td>\n",
       "      <td>0.134053</td>\n",
       "      <td>0.112903</td>\n",
       "      <td>0.051869</td>\n",
       "      <td>0.073319</td>\n",
       "      <td>0.101209</td>\n",
       "      <td>0.101209</td>\n",
       "      <td>0.074397</td>\n",
       "      <td>0.153052</td>\n",
       "    </tr>\n",
       "    <tr>\n",
       "      <th>totalTestsPeopleViralIncrease</th>\n",
       "      <td>0.038148</td>\n",
       "      <td>0.033591</td>\n",
       "      <td>1.000000</td>\n",
       "      <td>0.054309</td>\n",
       "      <td>0.045235</td>\n",
       "      <td>0.103446</td>\n",
       "      <td>0.118471</td>\n",
       "      <td>0.072813</td>\n",
       "      <td>0.025737</td>\n",
       "      <td>0.066645</td>\n",
       "      <td>0.050197</td>\n",
       "      <td>0.053627</td>\n",
       "      <td>0.056323</td>\n",
       "      <td>0.055865</td>\n",
       "      <td>0.055865</td>\n",
       "      <td>0.048912</td>\n",
       "      <td>0.277356</td>\n",
       "    </tr>\n",
       "    <tr>\n",
       "      <th>totalTestResultsIncrease</th>\n",
       "      <td>0.738797</td>\n",
       "      <td>0.058564</td>\n",
       "      <td>0.054309</td>\n",
       "      <td>1.000000</td>\n",
       "      <td>0.885892</td>\n",
       "      <td>0.523096</td>\n",
       "      <td>0.182223</td>\n",
       "      <td>0.708855</td>\n",
       "      <td>0.599973</td>\n",
       "      <td>0.455053</td>\n",
       "      <td>0.650937</td>\n",
       "      <td>0.868229</td>\n",
       "      <td>0.769623</td>\n",
       "      <td>0.749963</td>\n",
       "      <td>0.749963</td>\n",
       "      <td>0.617786</td>\n",
       "      <td>0.768991</td>\n",
       "    </tr>\n",
       "    <tr>\n",
       "      <th>totalTestResults</th>\n",
       "      <td>0.796012</td>\n",
       "      <td>0.047286</td>\n",
       "      <td>0.045235</td>\n",
       "      <td>0.885892</td>\n",
       "      <td>1.000000</td>\n",
       "      <td>0.494591</td>\n",
       "      <td>0.106159</td>\n",
       "      <td>0.684751</td>\n",
       "      <td>0.514329</td>\n",
       "      <td>0.436273</td>\n",
       "      <td>0.613108</td>\n",
       "      <td>0.999263</td>\n",
       "      <td>0.925341</td>\n",
       "      <td>0.796026</td>\n",
       "      <td>0.796026</td>\n",
       "      <td>0.839570</td>\n",
       "      <td>0.945732</td>\n",
       "    </tr>\n",
       "    <tr>\n",
       "      <th>totalTestEncountersViralIncrease</th>\n",
       "      <td>0.548748</td>\n",
       "      <td>0.062822</td>\n",
       "      <td>0.103446</td>\n",
       "      <td>0.523096</td>\n",
       "      <td>0.494591</td>\n",
       "      <td>1.000000</td>\n",
       "      <td>0.155548</td>\n",
       "      <td>0.270555</td>\n",
       "      <td>0.006839</td>\n",
       "      <td>0.191954</td>\n",
       "      <td>0.202859</td>\n",
       "      <td>0.253291</td>\n",
       "      <td>0.307990</td>\n",
       "      <td>0.727296</td>\n",
       "      <td>0.727296</td>\n",
       "      <td>0.197388</td>\n",
       "      <td>0.559625</td>\n",
       "    </tr>\n",
       "    <tr>\n",
       "      <th>negativeIncrease</th>\n",
       "      <td>0.178700</td>\n",
       "      <td>0.078693</td>\n",
       "      <td>0.118471</td>\n",
       "      <td>0.182223</td>\n",
       "      <td>0.106159</td>\n",
       "      <td>0.155548</td>\n",
       "      <td>1.000000</td>\n",
       "      <td>0.136246</td>\n",
       "      <td>0.166121</td>\n",
       "      <td>0.109565</td>\n",
       "      <td>0.090905</td>\n",
       "      <td>0.118075</td>\n",
       "      <td>0.177522</td>\n",
       "      <td>0.132659</td>\n",
       "      <td>0.132659</td>\n",
       "      <td>0.135160</td>\n",
       "      <td>0.644600</td>\n",
       "    </tr>\n",
       "    <tr>\n",
       "      <th>positiveIncrease</th>\n",
       "      <td>0.477345</td>\n",
       "      <td>0.104027</td>\n",
       "      <td>0.072813</td>\n",
       "      <td>0.708855</td>\n",
       "      <td>0.684751</td>\n",
       "      <td>0.270555</td>\n",
       "      <td>0.136246</td>\n",
       "      <td>1.000000</td>\n",
       "      <td>0.495357</td>\n",
       "      <td>0.594170</td>\n",
       "      <td>0.789581</td>\n",
       "      <td>0.725362</td>\n",
       "      <td>0.742590</td>\n",
       "      <td>0.406027</td>\n",
       "      <td>0.406027</td>\n",
       "      <td>0.712087</td>\n",
       "      <td>0.653862</td>\n",
       "    </tr>\n",
       "    <tr>\n",
       "      <th>totalTestsViralIncrease</th>\n",
       "      <td>0.359870</td>\n",
       "      <td>0.039360</td>\n",
       "      <td>0.025737</td>\n",
       "      <td>0.599973</td>\n",
       "      <td>0.514329</td>\n",
       "      <td>0.006839</td>\n",
       "      <td>0.166121</td>\n",
       "      <td>0.495357</td>\n",
       "      <td>1.000000</td>\n",
       "      <td>0.328870</td>\n",
       "      <td>0.491522</td>\n",
       "      <td>0.656818</td>\n",
       "      <td>0.532631</td>\n",
       "      <td>0.204742</td>\n",
       "      <td>0.204742</td>\n",
       "      <td>0.320356</td>\n",
       "      <td>0.324845</td>\n",
       "    </tr>\n",
       "    <tr>\n",
       "      <th>deathIncrease</th>\n",
       "      <td>0.448176</td>\n",
       "      <td>0.134053</td>\n",
       "      <td>0.066645</td>\n",
       "      <td>0.455053</td>\n",
       "      <td>0.436273</td>\n",
       "      <td>0.191954</td>\n",
       "      <td>0.109565</td>\n",
       "      <td>0.594170</td>\n",
       "      <td>0.328870</td>\n",
       "      <td>1.000000</td>\n",
       "      <td>0.742436</td>\n",
       "      <td>0.528911</td>\n",
       "      <td>0.593567</td>\n",
       "      <td>0.381760</td>\n",
       "      <td>0.381760</td>\n",
       "      <td>0.634985</td>\n",
       "      <td>0.432640</td>\n",
       "    </tr>\n",
       "    <tr>\n",
       "      <th>hospitalizedCurrently</th>\n",
       "      <td>0.531977</td>\n",
       "      <td>0.112903</td>\n",
       "      <td>0.050197</td>\n",
       "      <td>0.650937</td>\n",
       "      <td>0.613108</td>\n",
       "      <td>0.202859</td>\n",
       "      <td>0.090905</td>\n",
       "      <td>0.789581</td>\n",
       "      <td>0.491522</td>\n",
       "      <td>0.742436</td>\n",
       "      <td>1.000000</td>\n",
       "      <td>0.682050</td>\n",
       "      <td>0.750498</td>\n",
       "      <td>0.512923</td>\n",
       "      <td>0.512923</td>\n",
       "      <td>0.746690</td>\n",
       "      <td>0.581158</td>\n",
       "    </tr>\n",
       "    <tr>\n",
       "      <th>totalTestsViral</th>\n",
       "      <td>0.812078</td>\n",
       "      <td>0.051869</td>\n",
       "      <td>0.053627</td>\n",
       "      <td>0.868229</td>\n",
       "      <td>0.999263</td>\n",
       "      <td>0.253291</td>\n",
       "      <td>0.118075</td>\n",
       "      <td>0.725362</td>\n",
       "      <td>0.656818</td>\n",
       "      <td>0.528911</td>\n",
       "      <td>0.682050</td>\n",
       "      <td>1.000000</td>\n",
       "      <td>0.921852</td>\n",
       "      <td>0.874451</td>\n",
       "      <td>0.874451</td>\n",
       "      <td>0.831147</td>\n",
       "      <td>0.945788</td>\n",
       "    </tr>\n",
       "    <tr>\n",
       "      <th>positiveCasesViral</th>\n",
       "      <td>0.831155</td>\n",
       "      <td>0.073319</td>\n",
       "      <td>0.056323</td>\n",
       "      <td>0.769623</td>\n",
       "      <td>0.925341</td>\n",
       "      <td>0.307990</td>\n",
       "      <td>0.177522</td>\n",
       "      <td>0.742590</td>\n",
       "      <td>0.532631</td>\n",
       "      <td>0.593567</td>\n",
       "      <td>0.750498</td>\n",
       "      <td>0.921852</td>\n",
       "      <td>1.000000</td>\n",
       "      <td>0.919251</td>\n",
       "      <td>0.919251</td>\n",
       "      <td>0.975142</td>\n",
       "      <td>0.898788</td>\n",
       "    </tr>\n",
       "    <tr>\n",
       "      <th>hospitalizedCumulative</th>\n",
       "      <td>0.940645</td>\n",
       "      <td>0.101209</td>\n",
       "      <td>0.055865</td>\n",
       "      <td>0.749963</td>\n",
       "      <td>0.796026</td>\n",
       "      <td>0.727296</td>\n",
       "      <td>0.132659</td>\n",
       "      <td>0.406027</td>\n",
       "      <td>0.204742</td>\n",
       "      <td>0.381760</td>\n",
       "      <td>0.512923</td>\n",
       "      <td>0.874451</td>\n",
       "      <td>0.919251</td>\n",
       "      <td>1.000000</td>\n",
       "      <td>1.000000</td>\n",
       "      <td>0.673287</td>\n",
       "      <td>0.923610</td>\n",
       "    </tr>\n",
       "    <tr>\n",
       "      <th>hospitalized</th>\n",
       "      <td>0.940645</td>\n",
       "      <td>0.101209</td>\n",
       "      <td>0.055865</td>\n",
       "      <td>0.749963</td>\n",
       "      <td>0.796026</td>\n",
       "      <td>0.727296</td>\n",
       "      <td>0.132659</td>\n",
       "      <td>0.406027</td>\n",
       "      <td>0.204742</td>\n",
       "      <td>0.381760</td>\n",
       "      <td>0.512923</td>\n",
       "      <td>0.874451</td>\n",
       "      <td>0.919251</td>\n",
       "      <td>1.000000</td>\n",
       "      <td>1.000000</td>\n",
       "      <td>0.673287</td>\n",
       "      <td>0.923610</td>\n",
       "    </tr>\n",
       "    <tr>\n",
       "      <th>recovered</th>\n",
       "      <td>0.809236</td>\n",
       "      <td>0.074397</td>\n",
       "      <td>0.048912</td>\n",
       "      <td>0.617786</td>\n",
       "      <td>0.839570</td>\n",
       "      <td>0.197388</td>\n",
       "      <td>0.135160</td>\n",
       "      <td>0.712087</td>\n",
       "      <td>0.320356</td>\n",
       "      <td>0.634985</td>\n",
       "      <td>0.746690</td>\n",
       "      <td>0.831147</td>\n",
       "      <td>0.975142</td>\n",
       "      <td>0.673287</td>\n",
       "      <td>0.673287</td>\n",
       "      <td>1.000000</td>\n",
       "      <td>0.850261</td>\n",
       "    </tr>\n",
       "    <tr>\n",
       "      <th>negative</th>\n",
       "      <td>0.846537</td>\n",
       "      <td>0.153052</td>\n",
       "      <td>0.277356</td>\n",
       "      <td>0.768991</td>\n",
       "      <td>0.945732</td>\n",
       "      <td>0.559625</td>\n",
       "      <td>0.644600</td>\n",
       "      <td>0.653862</td>\n",
       "      <td>0.324845</td>\n",
       "      <td>0.432640</td>\n",
       "      <td>0.581158</td>\n",
       "      <td>0.945788</td>\n",
       "      <td>0.898788</td>\n",
       "      <td>0.923610</td>\n",
       "      <td>0.923610</td>\n",
       "      <td>0.850261</td>\n",
       "      <td>1.000000</td>\n",
       "    </tr>\n",
       "  </tbody>\n",
       "</table>\n",
       "</div>"
      ],
      "text/plain": [
       "                                     death  hospitalizedIncrease  totalTestsPeopleViralIncrease  totalTestResultsIncrease  totalTestResults  totalTestEncountersViralIncrease  negativeIncrease  positiveIncrease  totalTestsViralIncrease  deathIncrease  hospitalizedCurrently  totalTestsViral  positiveCasesViral  hospitalizedCumulative  hospitalized  recovered  negative\n",
       "death                             1.000000              0.075969                       0.038148                  0.738797          0.796012                          0.548748          0.178700          0.477345                 0.359870       0.448176               0.531977         0.812078            0.831155                0.940645      0.940645   0.809236  0.846537\n",
       "hospitalizedIncrease              0.075969              1.000000                       0.033591                  0.058564          0.047286                          0.062822          0.078693          0.104027                 0.039360       0.134053               0.112903         0.051869            0.073319                0.101209      0.101209   0.074397  0.153052\n",
       "totalTestsPeopleViralIncrease     0.038148              0.033591                       1.000000                  0.054309          0.045235                          0.103446          0.118471          0.072813                 0.025737       0.066645               0.050197         0.053627            0.056323                0.055865      0.055865   0.048912  0.277356\n",
       "totalTestResultsIncrease          0.738797              0.058564                       0.054309                  1.000000          0.885892                          0.523096          0.182223          0.708855                 0.599973       0.455053               0.650937         0.868229            0.769623                0.749963      0.749963   0.617786  0.768991\n",
       "totalTestResults                  0.796012              0.047286                       0.045235                  0.885892          1.000000                          0.494591          0.106159          0.684751                 0.514329       0.436273               0.613108         0.999263            0.925341                0.796026      0.796026   0.839570  0.945732\n",
       "totalTestEncountersViralIncrease  0.548748              0.062822                       0.103446                  0.523096          0.494591                          1.000000          0.155548          0.270555                 0.006839       0.191954               0.202859         0.253291            0.307990                0.727296      0.727296   0.197388  0.559625\n",
       "negativeIncrease                  0.178700              0.078693                       0.118471                  0.182223          0.106159                          0.155548          1.000000          0.136246                 0.166121       0.109565               0.090905         0.118075            0.177522                0.132659      0.132659   0.135160  0.644600\n",
       "positiveIncrease                  0.477345              0.104027                       0.072813                  0.708855          0.684751                          0.270555          0.136246          1.000000                 0.495357       0.594170               0.789581         0.725362            0.742590                0.406027      0.406027   0.712087  0.653862\n",
       "totalTestsViralIncrease           0.359870              0.039360                       0.025737                  0.599973          0.514329                          0.006839          0.166121          0.495357                 1.000000       0.328870               0.491522         0.656818            0.532631                0.204742      0.204742   0.320356  0.324845\n",
       "deathIncrease                     0.448176              0.134053                       0.066645                  0.455053          0.436273                          0.191954          0.109565          0.594170                 0.328870       1.000000               0.742436         0.528911            0.593567                0.381760      0.381760   0.634985  0.432640\n",
       "hospitalizedCurrently             0.531977              0.112903                       0.050197                  0.650937          0.613108                          0.202859          0.090905          0.789581                 0.491522       0.742436               1.000000         0.682050            0.750498                0.512923      0.512923   0.746690  0.581158\n",
